[manual]
lat=42.358056
lon=-71.063611
